at time 1766454781007.7468, server sent: 361.0
1766454930944.8042 1276.0
1766454930961.636 1276.0
1766454930978.795 1276.0
1766454930995.8252 1276.0
1766454931012.5735 1276.0
1766454931030.6228 1276.0
1766454931047.2815 1276.0
1766454931064.556 1276.0
1766454931081.4067 1276.0
1766454931098.5217 1276.0
1766454931116.0332 1276.0
1766454931132.8315 1276.0
1766454931150.0725 1276.0
1766454931167.0518 1276.0
1766454931183.7024 1276.0
1766454931200.5015 1276.0
1766454931217.5479 1276.0
1766454931234.7913 1276.0
1766454931251.6592 1276.0
1766454931268.5703 1276.0
1766454931285.7124 1276.0
1766454931302.3018 1276.0
1766454931320.0168 1276.0
1766454931337.0647 1276.0
1766454931353.8826 1276.0
1766454931370.6086 1276.0
1766454931388.0247 1276.0
1766454931405.0361 1276.0
1766454931421.9304 1276.0
1766454931438.798 1276.0
1766454931455.8923 1276.0
1766454931472.4119 1276.0
1766454931489.9812 1276.0
1766454931506.9072 1276.0
1766454931523.7979 1276.0
1766454931540.538 1276.0
1766454931557.7778 1276.0
1766454931574.3389 1276.0
1766454931591.733 1276.0
1766454931608.9934 1276.0
1766454931625.7944 1276.0
1766454931642.972 1276.0
1766454931659.839 1276.0
1766454931676.6482 1276.0
1766454931693.6848 1276.0
1766454931710.939 1276.0
1766454931727.6914 1276.0
1766454931744.3582 1276.0
1766454931761.163 1276.0
1766454931778.0308 1276.0
1766454931795.064 1276.0
1766454931812.053 1276.0
1766454931828.9038 1276.0
1766454931846.0647 1276.0
1766454931863.498 1276.0
1766454931881.3716 1276.0
1766454931897.9705 1276.0
1766454931914.6853 1276.0
1766454931932.0266 1276.0
1766454931948.39 1276.0
1766454931965.9194 1276.0
1766454931983.129 1276.0
1766454932000.4172 1276.0
1766454932017.159 1276.0
1766454932033.9326 1276.0
1766454932050.5881 1276.0
1766454932067.693 1276.0
1766454932084.915 1276.0
1766454932101.8628 1276.0
1766454932119.1797 1276.0
1766454932136.177 1276.0
1766454932153.26 1276.0
1766454932170.0073 1276.0
1766454932187.407 1276.0
1766454932204.3179 1276.0
1766454932221.0774 1276.0
1766454932238.08 1276.0
1766454932254.971 1276.0
1766454932272.1738 1276.0
1766454932289.3853 1276.0
1766454932305.828 1276.0
1766454932322.9116 1276.0
1766454932340.093 1276.0
1766454932356.679 1276.0
1766454932374.0852 1276.0
1766454932391.143 1276.0
1766454932408.0896 1276.0
1766454932425.503 1276.0
1766454932442.1394 1276.0
1766454932459.6758 1276.0
1766454932475.9521 1276.0
1766454932492.5835 1276.0
1766454932509.5642 1276.0
1766454932526.3503 1276.0
1766454932543.6973 1276.0
1766454932561.2734 1276.0
1766454932577.748 1276.0
1766454932594.4343 1276.0
1766454932611.9885 1276.0
1766454932628.609 1276.0
1766454932646.4338 1276.0
1766454932662.8135 1276.0
1766454932680.261 1276.0
1766454932696.8462 1276.0
1766454932714.4211 1276.0
1766454932730.9834 1276.0
1766454932747.9666 1276.0
1766454932765.0747 1276.0
1766454932781.7297 1276.0
1766454932798.3801 1276.0
1766454932816.2751 1276.0
1766454932832.743 1276.0
1766454932850.142 1276.0
1766454932866.7903 1276.0
1766454932883.4688 1276.0
1766454932900.5845 1276.0
1766454932918.1392 1276.0
1766454932934.8728 1276.0
1766454932951.7627 1276.0
1766454932968.8342 1276.0
1766454932986.1106 1276.0
1766454933002.6155 1276.0
1766454933019.603 1276.0
1766454933036.669 1276.0
1766454933053.8333 1276.0
1766454933071.373 1276.0
1766454933087.5178 1276.0
1766454933104.5386 1276.0
1766454933122.058 1276.0
1766454933139.1692 1276.0
1766454933157.0994 1276.0
1766454933173.4146 1276.0
1766454933190.542 1276.0
1766454933208.3918 1276.0
1766454933225.5906 1276.0
1766454933242.2485 1276.0
1766454933259.497 1276.0
1766454933275.9543 1276.0
1766454933293.0935 1276.0
1766454933310.121 1276.0
1766454933326.926 1276.0
1766454933343.7202 1276.0
1766454933360.8328 1276.0
1766454933378.329 1276.0
1766454933395.2175 1276.0
1766454933412.0972 1276.0
1766454933429.3916 1276.0
1766454933446.0447 1276.0
1766454933463.0283 1276.0
1766454933480.307 1276.0
1766454933497.8586 1276.0
1766454933514.6997 1276.0
1766454933531.4448 1276.0
1766454933548.0461 1276.0
1766454933565.8591 1276.0
1766454933582.2126 1276.0
1766454933599.1802 1276.0
1766454933616.3276 1276.0
1766454933633.257 1276.0
1766454933650.7444 1276.0
1766454933667.8608 1276.0
1766454933684.6938 1276.0
1766454933701.4402 1276.0
1766454933718.935 1276.0
1766454933736.0225 1276.0
1766454933752.875 1276.0
1766454933769.9646 1276.0
1766454933787.239 1276.0
1766454933804.4878 1276.0
1766454933821.4944 1276.0
1766454933839.5037 1276.0
1766454933856.7256 1276.0
1766454933873.8438 1276.0
1766454933891.5 1276.0
1766454933908.5461 1276.0
1766454933925.4075 1276.0
1766454933942.3784 1276.0
1766454933959.4338 1276.0
1766454933976.6943 1276.0
1766454933993.8677 1276.0
1766454934011.007 1276.0
1766454934027.7068 1276.0
1766454934045.0977 1276.0
1766454934061.8958 1276.0
1766454934079.7031 1276.0
1766454934096.1812 1276.0
1766454934112.6975 1276.0
1766454934130.0847 1276.0
1766454934147.234 1276.0
1766454934163.8547 1276.0
1766454934181.442 1276.0
1766454934198.128 1276.0
1766454934215.6846 1276.0
1766454934232.7668 1276.0
1766454934249.89 1276.0
1766454934266.6248 1276.0
1766454934283.466 1276.0
1766454934300.2102 1276.0
1766454934317.2869 1276.0
1766454934334.653 1276.0
1766454934351.3013 1276.0
1766454934368.433 1276.0
1766454934384.9148 1273.0
1766454934401.6912 1271.0
1766454934418.5317 1270.0
1766454934435.4744 1270.0
1766454934452.6765 1271.0
1766454934469.8464 1272.0
1766454934486.9783 1274.0
1766454934503.428 1276.0
1766454934520.4824 1276.0
1766454934536.9417 1276.0
1766454934554.2742 1276.0
1766454934571.3777 1276.0
1766454934587.8801 1276.0
1766454934606.0337 1276.0
1766454934622.782 1276.0
1766454934640.6477 1276.0
1766454934657.6267 1276.0
1766454934674.2593 1276.0
1766454934691.9214 1276.0
1766454934709.0396 1276.0
1766454934725.6772 1276.0
1766454934742.3215 1276.0
1766454934759.941 1276.0
1766454934776.4307 1276.0
1766454934793.7087 1276.0
1766454934811.0867 1276.0
1766454934828.449 1276.0
1766454934845.0918 1276.0
1766454934863.2666 1276.0
1766454934880.8809 1276.0
1766454934897.7578 1276.0
1766454934914.0737 1276.0
1766454934931.45 1276.0
1766454934948.6301 1276.0
1766454934965.6636 1276.0
1766454934982.1536 1276.0
1766454934999.7065 1276.0
1766454935016.7078 1276.0
1766454935033.452 1276.0
1766454935050.9612 1276.0
1766454935067.8438 1276.0
1766454935084.681 1276.0
1766454935101.7837 1276.0
1766454935118.301 1276.0
1766454935135.5156 1276.0
1766454935152.2087 1276.0
1766454935169.217 1276.0
1766454935186.3076 1276.0
1766454935203.275 1276.0
1766454935220.4575 1276.0
1766454935238.484 1276.0
1766454935255.2747 1276.0
1766454935272.4163 1276.0
1766454935289.6863 1276.0
1766454935306.9941 1276.0
1766454935324.0474 1276.0
1766454935341.1667 1276.0
1766454935358.1016 1276.0
1766454935375.2273 1276.0
1766454935391.8875 1276.0
1766454935408.965 1276.0
1766454935426.4026 1272.0
1766454935443.0269 1267.0
1766454935460.459 1263.0
1766454935477.0686 1259.0
1766454935493.8652 1255.0
1766454935511.0442 1250.0
1766454935528.186 1246.0
1766454935544.9282 1242.0
1766454935561.6267 1238.0
1766454935578.7617 1233.0
1766454935595.732 1229.0
1766454935612.3884 1225.0
1766454935629.7283 1221.0
1766454935646.5376 1216.0
1766454935663.7683 1212.0
1766454935680.7158 1208.0
1766454935697.724 1204.0
1766454935715.106 1199.0
1766454935731.8928 1195.0
1766454935749.0786 1191.0
1766454935766.3904 1187.0
1766454935784.3792 1182.0
1766454935801.6482 1178.0
1766454935818.5515 1174.0
1766454935835.8386 1170.0
1766454935853.1511 1165.0
1766454935871.025 1161.0
1766454935887.616 1157.0
1766454935904.3374 1153.0
1766454935921.6157 1148.0
1766454935938.4817 1144.0
1766454935955.073 1140.0
1766454935972.386 1136.0
1766454935989.3208 1131.0
1766454936006.4055 1127.0
1766454936023.6367 1123.0
1766454936040.746 1119.0
1766454936058.0217 1114.0
1766454936074.9038 1110.0
1766454936091.7974 1106.0
1766454936108.955 1102.0
1766454936126.2363 1097.0
1766454936142.8213 1093.0
1766454936160.1812 1089.0
1766454936177.4463 1085.0
1766454936194.261 1080.0
1766454936211.4197 1076.0
1766454936227.9285 1072.0
1766454936244.8633 1068.0
1766454936262.231 1063.0
1766454936279.0007 1059.0
1766454936295.8125 1055.0
1766454936312.816 1051.0
1766454936329.9126 1046.0
1766454936346.6716 1042.0
1766454936363.8367 1038.0
1766454936380.9675 1034.0
1766454936398.0388 1029.0
1766454936414.796 1025.0
1766454936431.7712 1021.0
1766454936449.322 1017.0
1766454936465.9573 1012.0
1766454936482.927 1008.0
1766454936499.7322 1004.0
1766454936517.1938 1000.0
1766454936534.2993 995.0
1766454936550.6965 991.0
1766454936567.991 987.0
1766454936585.0806 983.0
1766454936602.2322 978.0
1766454936619.5063 974.0
1766454936636.3784 970.0
1766454936652.9792 966.0
1766454936670.0059 961.0
1766454936686.5166 957.0
1766454936703.4314 953.0
1766454936721.4297 949.0
1766454936737.7693 944.0
1766454936754.6907 940.0
1766454936772.116 936.0
1766454936789.6475 932.0
1766454936806.3386 927.0
1766454936823.4106 923.0
1766454936840.4338 919.0
1766454936857.2698 915.0
1766454936874.129 910.0
1766454936891.222 906.0
1766454936908.4197 902.0
1766454936924.9827 898.0
1766454936942.4695 893.0
1766454936959.5496 889.0
1766454936976.8374 885.0
1766454936993.6072 881.0
1766454937011.362 876.0
1766454937028.374 872.0
1766454937045.3071 868.0
1766454937062.3628 864.0
1766454937079.7583 859.0
1766454937096.8003 855.0
1766454937114.1833 851.0
1766454937131.2122 847.0
1766454937147.9556 842.0
1766454937164.7979 838.0
1766454937181.849 834.0
1766454937199.2717 830.0
1766454937216.0293 825.0
1766454937232.8076 821.0
1766454937250.373 817.0
1766454937267.5178 813.0
1766454937284.1611 808.0
1766454937301.3877 804.0
1766454937318.1921 800.0
1766454937335.9775 796.0
1766454937352.5361 791.0
1766454937369.7322 787.0
1766454937387.3154 783.0
1766454937404.4104 779.0
1766454937421.533 774.0
1766454937438.6943 770.0
1766454937455.3787 766.0
1766454937472.719 762.0
1766454937490.2046 757.0
1766454937507.2024 753.0
1766454937524.1562 749.0
1766454937541.2065 745.0
1766454937558.0068 740.0
1766454937575.4673 736.0
1766454937592.3196 732.0
1766454937609.8853 728.0
1766454937627.1157 723.0
1766454937644.0593 719.0
1766454937661.072 715.0
1766454937677.9229 711.0
1766454937694.8071 706.0
1766454937712.1077 702.0
1766454937728.8074 698.0
1766454937746.3967 694.0
1766454937763.3926 689.0
1766454937780.427 685.0
1766454937797.9124 681.0
1766454937815.2417 677.0
1766454937832.185 672.0
1766454937849.6838 668.0
1766454937866.3281 664.0
1766454937883.1914 660.0
1766454937907.3308 655.0
1766454937917.32 651.0
1766454937933.7146 647.0
1766454937951.4834 643.0
1766454937968.2256 638.0
1766454937985.1804 634.0
1766454938002.1475 630.0
1766454938019.1287 626.0
1766454938036.361 621.0
1766454938053.2542 617.0
1766454938069.9705 614.0
1766454938087.8064 610.0
1766454938104.594 608.0
1766454938121.9849 606.0
1766454938139.033 604.0
1766454938155.6199 602.0
1766454938172.3567 601.0
1766454938189.7046 600.0
1766454938207.7134 599.0
1766454938224.7197 598.0
1766454938241.098 599.0
1766454938259.351 600.0
1766454938276.2454 602.0
1766454938293.2734 604.0
1766454938310.5198 606.0
1766454938327.5012 609.0
1766454938344.5027 612.0
1766454938361.5012 615.0
1766454938378.686 617.0
1766454938395.9011 619.0
1766454938412.8806 620.0
1766454938429.7188 620.0
1766454938446.451 619.0
1766454938463.3247 618.0
1766454938480.5127 616.0
1766454938498.0378 614.0
1766454938514.8044 612.0
1766454938532.163 610.0
1766454938548.7925 610.0
1766454938565.7507 610.0
1766454938582.3506 611.0
1766454938600.1938 612.0
1766454938617.2146 614.0
1766454938633.9553 616.0
1766454938651.3694 618.0
1766454938667.999 620.0
1766454938685.2913 621.0
1766454938702.0615 621.0
1766454938719.2644 620.0
1766454938736.774 619.0
1766454938753.171 618.0
1766454938770.4812 618.0
1766454938787.6821 619.0
1766454938805.432 621.0
1766454938821.9531 623.0
1766454938839.014 624.0
1766454938855.9983 626.0
1766454938872.8052 626.0
1766454938890.4578 626.0
1766454938907.4478 625.0
1766454938924.2783 625.0
1766454938941.454 626.0
1766454938958.2742 627.0
1766454938975.2192 629.0
1766454938992.3645 630.0
1766454939009.4175 631.0
1766454939026.9744 632.0
1766454939044.6726 631.0
1766454939061.2341 632.0
1766454939078.2134 633.0
1766454939095.2336 634.0
1766454939111.9138 636.0
1766454939129.0496 639.0
1766454939145.9846 641.0
1766454939163.6836 642.0
1766454939181.1846 644.0
1766454939197.9148 645.0
1766454939214.6296 646.0
1766454939232.085 648.0
1766454939249.1777 650.0
1766454939266.7998 652.0
1766454939283.4924 655.0
1766454939300.7864 658.0
1766454939317.9138 661.0
1766454939334.4482 664.0
1766454939351.617 666.0
1766454939368.7744 668.0
1766454939386.2566 670.0
1766454939402.9038 670.0
1766454939420.21 670.0
1766454939437.8198 670.0
1766454939454.8972 668.0
1766454939471.5137 667.0
1766454939489.0452 665.0
1766454939506.1682 662.0
1766454939522.959 659.0
1766454939540.7068 656.0
1766454939557.565 653.0
1766454939574.2236 649.0
1766454939591.5376 646.0
1766454939607.8647 642.0
1766454939625.8848 638.0
1766454939642.4827 634.0
1766454939659.0728 630.0
1766454939676.123 626.0
1766454939693.2302 622.0
1766454939709.9353 617.0
1766454939727.02 613.0
1766454939744.4011 609.0
1766454939761.4377 605.0
1766454939778.081 600.0
1766454939795.398 596.0
1766454939812.0854 593.0
1766454939829.371 591.0
1766454939846.3738 591.0
1766454939862.743 591.0
1766454939880.4795 591.0
1766454939897.4473 592.0
1766454939914.5847 594.0
1766454939931.5715 596.0
1766454939949.5227 599.0
1766454939966.0535 602.0
1766454939983.2773 605.0
1766454939999.769 608.0
1766454940017.1401 611.0
1766454940034.23 615.0
1766454940050.8616 619.0
1766454940068.1045 623.0
1766454940084.9463 627.0
1766454940102.1616 631.0
1766454940119.3032 635.0
1766454940136.0913 639.0
1766454940152.882 643.0
1766454940169.9514 647.0
1766454940187.0425 650.0
1766454940203.9246 652.0
1766454940221.5972 653.0
1766454940238.1963 653.0
1766454940255.5916 653.0
1766454940272.6843 651.0
1766454940289.4028 650.0
1766454940306.5564 647.0
1766454940323.952 645.0
1766454940340.6594 642.0
1766454940358.4858 639.0
1766454940375.283 636.0
1766454940392.379 632.0
1766454940410.2385 629.0
1766454940426.4578 625.0
1766454940443.6387 621.0
1766454940460.9722 617.0
1766454940477.9106 614.0
1766454940494.6235 613.0
1766454940511.831 612.0
1766454940528.7188 612.0
1766454940545.7244 613.0
1766454940563.0442 614.0
1766454940580.602 616.0
1766454940597.2615 618.0
1766454940614.5034 621.0
1766454940635.5994 624.0
1766454940648.9226 627.0
1766454940665.98 630.0
1766454940682.884 634.0
1766454940699.6763 637.0
1766454940716.781 641.0
1766454940733.8833 645.0
1766454940751.1572 649.0
1766454940768.1294 653.0
1766454940784.5483 656.0
1766454940801.5906 657.0
1766454940819.0461 658.0
1766454940836.1606 658.0
1766454940853.5266 658.0
1766454940870.496 656.0
1766454940887.7957 655.0
1766454940904.8213 652.0
1766454940921.6118 650.0
1766454940938.3276 647.0
1766454940955.9565 644.0
1766454940972.442 641.0
1766454940989.7659 637.0
1766454941006.961 634.0
1766454941024.3206 630.0
1766454941041.3508 626.0
1766454941058.0435 622.0
1766454941074.8223 619.0
1766454941091.9456 618.0
1766454941109.1045 617.0
1766454941126.8064 617.0
1766454941143.475 618.0
1766454941160.5957 619.0
1766454941177.5176 621.0
1766454941194.7036 623.0
1766454941212.6465 626.0
1766454941229.091 628.0
1766454941246.1748 632.0
1766454941263.0178 635.0
1766454941280.3813 638.0
1766454941297.4294 642.0
1766454941314.9133 646.0
1766454941331.4934 650.0
1766454941349.1367 652.0
1766454941366.302 654.0
1766454941382.7764 655.0
1766454941400.2285 654.0
1766454941417.1638 654.0
1766454941433.7258 652.0
1766454941450.4822 650.0
1766454941467.8591 648.0
1766454941485.0515 646.0
1766454941502.0166 643.0
1766454941519.407 640.0
1766454941536.0508 636.0
1766454941553.1296 633.0
1766454941570.282 629.0
1766454941586.798 625.0
1766454941604.056 621.0
1766454941621.1194 619.0
1766454941638.276 617.0
1766454941655.2568 617.0
1766454941672.3174 617.0
1766454941689.2766 617.0
1766454941706.179 619.0
1766454941723.057 621.0
1766454941740.581 623.0
1766454941757.2153 625.0
1766454941774.3672 628.0
1766454941791.5527 631.0
1766454941808.028 635.0
1766454941825.1743 637.0
1766454941842.5034 638.0
1766454941859.084 638.0
1766454941876.6892 638.0
1766454941893.6565 637.0
1766454941910.5962 635.0
1766454941927.8699 633.0
1766454941944.829 631.0
1766454941961.4995 628.0
1766454941978.5518 625.0
1766454941997.2954 622.0
1766454942012.7144 619.0
1766454942030.285 615.0
1766454942047.2417 611.0
1766454942064.2063 607.0
1766454942081.5237 604.0
1766454942098.1948 601.0
1766454942115.1375 599.0
1766454942132.2495 599.0
1766454942149.43 599.0
1766454942166.459 599.0
1766454942183.3513 601.0
1766454942200.4119 603.0
1766454942217.4346 605.0
1766454942234.2905 607.0
1766454942251.2869 610.0
1766454942268.4229 613.0
1766454942285.554 617.0
1766454942302.799 620.0
1766454942319.411 624.0
1766454942336.5813 628.0
1766454942353.3079 632.0
1766454942370.5217 636.0
1766454942387.2483 640.0
1766454942403.9124 644.0
1766454942421.553 648.0
1766454942438.3494 652.0
1766454942455.436 656.0
1766454942472.1333 661.0
1766454942490.148 665.0
1766454942507.3162 669.0
1766454942523.9644 673.0
1766454942541.0244 678.0
1766454942558.3086 682.0
1766454942575.4678 686.0
1766454942592.4622 690.0
1766454942609.2405 693.0
1766454942626.442 695.0
1766454942643.6956 696.0
1766454942660.9146 696.0
1766454942677.5576 696.0
1766454942694.6968 694.0
1766454942711.7656 693.0
1766454942729.3982 690.0
1766454942747.381 688.0
1766454942764.3833 685.0
1766454942781.3752 682.0
1766454942797.8657 679.0
1766454942815.089 675.0
1766454942832.331 672.0
1766454942849.28 668.0
1766454942866.0876 664.0
1766454942883.4766 660.0
1766454942900.3367 656.0
1766454942917.1868 652.0
1766454942934.113 648.0
1766454942951.9128 643.0
1766454942969.0752 639.0
1766454942986.3123 635.0
1766454943003.2712 631.0
1766454943020.2473 626.0
1766454943037.819 622.0
1766454943054.388 618.0
1766454943071.7341 614.0
1766454943088.2053 609.0
1766454943105.657 605.0
1766454943122.4097 601.0
1766454943139.4604 597.0
1766454943156.899 592.0
1766454943173.5598 589.0
1766454943190.8894 586.0
1766454943208.11 583.0
1766454943224.489 581.0
1766454943241.5117 579.0
1766454943259.1143 577.0
1766454943276.1394 576.0
1766454943293.639 575.0
1766454943311.0876 574.0
1766454943327.7502 573.0
1766454943345.126 572.0
1766454943362.166 572.0
1766454943378.6812 573.0
1766454943395.7412 575.0
1766454943412.7705 576.0
1766454943429.7073 579.0
1766454943446.5698 581.0
1766454943464.225 584.0
1766454943481.3218 587.0
1766454943498.2424 590.0
1766454943515.518 594.0
1766454943532.4407 597.0
1766454943549.36 601.0
1766454943566.6577 605.0
1766454943583.4407 607.0
1766454943600.7407 608.0
1766454943617.5652 608.0
1766454943634.5676 607.0
1766454943651.9243 606.0
1766454943668.7266 605.0
1766454943685.4468 603.0
1766454943702.2004 600.0
1766454943719.1484 597.0
1766454943735.9307 594.0
1766454943752.641 591.0
1766454943769.8318 588.0
1766454943786.6826 584.0
1766454943803.9758 580.0
1766454943821.0303 577.0
1766454943837.8162 573.0
1766454943854.9543 569.0
1766454943871.4736 564.0
1766454943888.8708 560.0
1766454943907.0994 556.0
1766454943924.4263 552.0
1766454943941.3225 548.0
1766454943957.9932 543.0
1766454943975.2295 540.0
1766454943992.049 539.0
1766454944008.8801 538.0
1766454944026.7205 538.0
1766454944043.492 538.0
1766454944060.809 540.0
1766454944077.7886 541.0
1766454944094.3577 543.0
1766454944111.262 546.0
1766454944128.0876 549.0
1766454944144.769 552.0
1766454944161.6353 554.0
1766454944178.9685 557.0
1766454944195.8984 558.0
1766454944213.127 560.0
1766454944230.044 561.0
1766454944247.4458 563.0
1766454944264.7512 564.0
1766454944282.372 564.0
1766454944298.8193 565.0
1766454944316.0178 566.0
1766454944332.7993 566.0
1766454944349.9976 567.0
1766454944367.3137 567.0
1766454944384.7676 567.0
1766454944401.4573 568.0
1766454944419.2036 568.0
1766454944436.2788 568.0
1766454944453.162 568.0
1766454944470.2114 568.0
1766454944487.3538 568.0
1766454944504.4084 568.0
1766454944521.5203 567.0
1766454944538.2 565.0
1766454944555.0283 563.0
1766454944571.9377 560.0
1766454944588.767 558.0
1766454944606.1604 555.0
1766454944623.2107 551.0
1766454944640.954 548.0
1766454944658.2156 544.0
1766454944675.2434 541.0
1766454944692.0515 537.0
1766454944709.0757 533.0
1766454944725.99 529.0
1766454944742.9448 524.0
1766454944760.0212 520.0
1766454944777.0337 516.0
1766454944794.1147 512.0
1766454944811.5767 508.0
1766454944828.1736 503.0
1766454944845.5022 499.0
1766454944862.3303 495.0
1766454944879.3552 491.0
1766454944896.3564 486.0
1766454944913.0876 482.0
1766454944930.662 478.0
1766454944947.441 474.0
1766454944964.4521 469.0
1766454944981.3933 465.0
1766454944998.447 461.0
1766454945015.432 457.0
1766454945032.43 452.0
1766454945049.9658 448.0
1766454945066.6958 444.0
1766454945083.8708 440.0
1766454945100.7302 435.0
1766454945117.7349 431.0
1766454945134.4365 427.0
1766454945151.9023 423.0
1766454945168.8853 418.0
1766454945185.867 414.0
1766454945203.0935 410.0
1766454945219.867 406.0
1766454945237.4941 401.0
1766454945253.855 397.0
1766454945271.8508 393.0
1766454945288.4683 389.0
1766454945305.4517 384.0
1766454945322.9016 380.0
1766454945340.2305 376.0
1766454945357.9219 372.0
1766454945375.9585 367.0
1766454945392.3445 363.0
1766454945409.6484 359.0
1766454945427.12 355.0
1766454945444.3135 350.0
1766454945461.4072 346.0
1766454945478.577 342.0
1766454945495.2273 339.0
1766454945512.5066 337.0
1766454945529.7803 336.0
1766454945546.809 336.0
1766454945563.699 337.0
1766454945581.2112 338.0
1766454945598.1648 340.0
1766454945615.4792 342.0
1766454945631.9927 344.0
1766454945649.1033 347.0
1766454945666.7852 350.0
1766454945683.6191 354.0
1766454945701.8127 356.0
1766454945718.56 359.0
1766454945735.1768 361.0
1766454945752.2883 362.0
1766454945769.1025 364.0
1766454945786.2358 365.0
1766454945802.9287 367.0
1766454945820.191 369.0
1766454945837.315 372.0
1766454945853.7595 374.0
1766454945871.2104 377.0
1766454945888.6516 380.0
1766454945905.6924 382.0
1766454945922.8926 384.0
1766454945940.4375 385.0
1766454945957.4492 385.0
1766454945974.522 385.0
1766454945991.7583 383.0
1766454946008.8843 382.0
1766454946025.792 380.0
1766454946042.715 377.0
1766454946060.1255 374.0
1766454946084.2488 371.0
1766454946094.6523 368.0
1766454946111.7605 365.0
1766454946128.6912 362.0
1766454946145.7405 359.0
1766454946163.024 357.0
1766454946180.9548 355.0
1766454946197.9844 354.0
1766454946215.0293 354.0
1766454946232.114 355.0
1766454946249.6047 356.0
1766454946266.6135 358.0
1766454946283.2883 359.0
1766454946300.194 361.0
1766454946317.062 361.0
1766454946334.432 361.0
1766454946351.403 360.0
1766454946368.548 358.0
1766454946385.6106 356.0
1766454946402.7776 355.0
1766454946420.0215 355.0
1766454946437.3252 356.0
1766454946454.075 357.0
1766454946471.617 358.0
1766454946488.5522 359.0
1766454946505.6497 359.0
1766454946522.4219 358.0
1766454946539.247 357.0
1766454946556.431 358.0
1766454946573.347 358.0
1766454946590.871 360.0
1766454946608.0325 362.0
1766454946625.4749 364.0
1766454946642.2212 366.0
1766454946659.7932 368.0
1766454946677.3796 369.0
1766454946694.266 370.0
1766454946711.5059 371.0
1766454946728.39 373.0
1766454946745.5903 375.0
1766454946762.2117 377.0
1766454946779.34 379.0
1766454946796.5444 380.0
1766454946813.1091 380.0
1766454946831.2566 380.0
1766454946848.1033 380.0
1766454946865.3462 381.0
1766454946881.9138 382.0
1766454946899.066 384.0
1766454946916.683 386.0
1766454946934.5671 388.0
1766454946951.3372 390.0
1766454946968.1748 392.0
1766454946985.4893 393.0
1766454947002.3333 394.0
1766454947018.8728 395.0
1766454947035.8835 397.0
1766454947052.9187 400.0
1766454947070.1025 402.0
1766454947086.919 405.0
1766454947104.565 407.0
1766454947121.6194 408.0
1766454947138.7224 409.0
1766454947155.8035 409.0
1766454947172.4558 408.0
1766454947189.3508 407.0
1766454947206.6409 405.0
1766454947223.5981 403.0
1766454947240.2712 400.0
1766454947257.5352 398.0
1766454947275.53 396.0
1766454947292.587 395.0
1766454947309.1108 393.0
1766454947325.893 392.0
1766454947343.0562 391.0
1766454947360.8425 391.0
1766454947377.7778 389.0
1766454947395.0154 387.0
1766454947412.292 385.0
1766454947429.601 382.0
1766454947446.6 380.0
1766454947463.6558 378.0
1766454947480.5557 377.0
1766454947497.2983 375.0
1766454947515.0632 374.0
1766454947532.1665 373.0
1766454947549.29 371.0
1766454947566.4138 368.0
1766454947583.2878 365.0
1766454947599.837 362.0
1766454947618.1272 359.0
1766454947634.9053 356.0
1766454947652.1758 354.0
1766454947668.8425 352.0
1766454947685.7195 350.0
1766454947702.38 349.0
1766454947719.879 347.0
1766454947736.8188 345.0
1766454947753.3296 343.0
1766454947770.6602 341.0
1766454947787.6982 340.0
1766454947804.938 340.0
1766454947821.863 341.0
1766454947839.3186 342.0
1766454947856.1702 344.0
1766454947872.8022 346.0
1766454947890.0874 348.0
1766454947907.072 350.0
1766454947924.0781 351.0
1766454947941.31 353.0
1766454947958.536 355.0
1766454947975.2712 358.0
1766454947992.2683 361.0
1766454948009.2852 364.0
1766454948026.3628 366.0
1766454948042.9927 369.0
1766454948060.1724 370.0
1766454948077.0752 373.0
1766454948093.9272 375.0
1766454948110.6619 378.0
1766454948127.9597 382.0
1766454948144.8271 385.0
1766454948161.5247 388.0
1766454948178.6377 390.0
1766454948195.7021 392.0
1766454948213.2803 394.0
1766454948230.1829 396.0
1766454948247.0051 399.0
1766454948263.9148 402.0
1766454948281.5188 405.0
1766454948297.8955 407.0
1766454948314.8057 410.0
1766454948331.9226 411.0
1766454948349.786 413.0
1766454948366.835 415.0
1766454948383.4534 417.0
1766454948400.8716 420.0
1766454948417.7178 423.0
1766454948434.5977 425.0
1766454948452.4312 426.0
1766454948469.7476 426.0
1766454948486.587 425.0
1766454948503.229 424.0
1766454948521.0867 422.0
1766454948537.9492 420.0
1766454948554.7139 419.0
1766454948571.8538 417.0
1766454948589.0698 416.0
1766454948606.3142 415.0
1766454948623.2627 414.0
1766454948640.4763 412.0
1766454948657.262 410.0
1766454948674.4624 408.0
1766454948691.2375 406.0
1766454948708.6636 404.0
1766454948725.5173 403.0
1766454948741.9604 402.0
1766454948759.4446 401.0
1766454948776.4421 400.0
1766454948793.2432 399.0
1766454948810.2678 399.0
1766454948827.2375 398.0
1766454948844.416 398.0
1766454948861.4622 397.0
1766454948878.646 397.0
1766454948896.45 396.0
1766454948913.081 394.0
1766454948929.7576 392.0
1766454948947.2346 390.0
1766454948963.9177 387.0
1766454948981.089 385.0
1766454948998.1926 383.0
1766454949015.249 382.0
1766454949032.4314 380.0
1766454949049.247 379.0
1766454949066.1777 378.0
1766454949083.0562 377.0
1766454949100.2625 376.0
1766454949116.8896 376.0
1766454949133.903 375.0
1766454949151.3223 375.0
1766454949168.4006 374.0
1766454949185.3464 375.0
1766454949202.7095 376.0
1766454949219.6936 377.0
1766454949236.546 379.0
1766454949253.535 382.0
1766454949270.945 384.0
1766454949287.627 387.0
1766454949305.0823 390.0
1766454949322.1035 392.0
1766454949338.9912 394.0
1766454949356.0134 395.0
1766454949372.871 395.0
1766454949390.1067 394.0
1766454949407.098 393.0
1766454949424.2944 391.0
1766454949441.75 389.0
1766454949458.6768 388.0
1766454949475.99 388.0
1766454949492.438 388.0
1766454949509.771 389.0
1766454949526.7576 391.0
1766454949543.828 393.0
1766454949560.5457 395.0
1766454949577.8906 398.0
1766454949595.107 401.0
1766454949612.2925 403.0
1766454949629.454 403.0
1766454949646.4011 404.0
1766454949663.5088 403.0
1766454949680.1873 402.0
1766454949697.6868 400.0
1766454949715.2896 399.0
1766454949732.1123 399.0
1766454949748.992 400.0
1766454949765.7798 401.0
1766454949783.2212 403.0
1766454949800.8125 405.0
1766454949817.7852 407.0
1766454949834.7068 408.0
1766454949851.6492 408.0
1766454949868.5833 407.0
1766454949885.6194 406.0
1766454949902.8213 404.0
1766454949919.4492 403.0
1766454949936.406 402.0
1766454949953.5845 403.0
1766454949970.5435 403.0
1766454949987.6814 405.0
1766454950004.5293 407.0
1766454950021.3582 409.0
1766454950038.5564 412.0
1766454950055.5767 414.0
1766454950072.2666 415.0
1766454950089.4255 415.0
1766454950106.4595 415.0
1766454950123.9973 414.0
1766454950140.6963 413.0
1766454950157.5977 411.0
1766454950178.7144 410.0
1766454950191.9075 409.0
1766454950208.904 410.0
1766454950226.248 411.0
1766454950243.3665 412.0
1766454950260.6829 413.0
1766454950277.3027 413.0
1766454950294.6682 412.0
1766454950312.2388 411.0
1766454950329.228 410.0
1766454950346.3254 411.0
1766454950362.7476 412.0
1766454950380.6282 413.0
1766454950397.049 415.0
1766454950414.329 417.0
1766454950431.3162 418.0
1766454950448.142 418.0
1766454950465.0369 417.0
1766454950482.1663 416.0
1766454950499.4373 416.0
1766454950516.3442 417.0
1766454950533.4067 419.0
1766454950550.363 420.0
1766454950567.746 421.0
1766454950584.149 421.0
1766454950601.4507 420.0
1766454950619.039 419.0
1766454950635.6353 418.0
1766454950652.538 418.0
1766454950669.7947 419.0
1766454950686.7537 420.0
1766454950703.7185 421.0
1766454950721.0386 421.0
1766454950737.4722 420.0
1766454950754.2327 419.0
1766454950772.01 418.0
1766454950788.7034 416.0
1766454950805.6567 415.0
1766454950822.8098 414.0
1766454950839.955 413.0
1766454950857.0427 412.0
1766454950873.9104 412.0
1766454950890.4783 411.0
1766454950907.2485 411.0
1766454950924.2964 410.0
1766454950941.6313 410.0
1766454950958.2327 410.0
1766454950974.9934 410.0
1766454950992.4885 409.0
1766454951009.9937 409.0
1766454951026.9563 409.0
1766454951043.6465 409.0
1766454951061.1611 409.0
1766454951078.1763 409.0
1766454951095.5059 409.0
1766454951112.7278 409.0
1766454951129.586 409.0
1766454951146.4531 409.0
1766454951163.4617 409.0
1766454951180.6255 409.0
1766454951197.7903 409.0
1766454951214.716 409.0
1766454951231.812 409.0
1766454951248.7869 409.0
1766454951266.2495 409.0
1766454951282.6943 409.0
1766454951299.6433 409.0
1766454951316.4746 409.0
1766454951333.5159 409.0
1766454951351.4377 409.0
1766454951367.775 409.0
1766454951384.871 409.0
1766454951401.9 409.0
1766454951419.0964 409.0
1766454951435.8784 409.0
1766454951452.985 409.0
1766454951470.0789 409.0
1766454951486.8906 409.0
1766454951503.4797 409.0
1766454951520.6626 409.0
1766454951537.6743 409.0
1766454951555.1316 409.0
1766454951572.4133 409.0
1766454951589.3916 409.0
1766454951606.5552 409.0
1766454951623.7793 409.0
1766454951640.7827 409.0
1766454951658.151 409.0
1766454951674.511 409.0
1766454951691.5488 409.0
1766454951708.78 409.0
1766454951725.5964 409.0
1766454951742.2263 409.0
1766454951758.971 409.0
1766454951776.3496 409.0
1766454951792.7754 409.0
1766454951810.379 409.0
1766454951827.2454 409.0
1766454951844.4092 409.0
1766454951861.2598 409.0
1766454951878.4011 409.0
1766454951895.228 409.0
1766454951912.1755 409.0
1766454951929.1965 409.0
1766454951945.919 409.0
1766454951963.171 409.0
1766454951980.1555 409.0
1766454951997.0664 409.0
1766454952014.101 409.0
1766454952032.126 409.0
1766454952048.3328 409.0
1766454952065.3757 409.0
1766454952082.2788 409.0
1766454952099.5059 409.0
1766454952116.092 409.0
1766454952133.2935 409.0
1766454952150.3699 409.0
1766454952167.3088 409.0
1766454952184.5374 409.0
1766454952202.0986 409.0
1766454952219.173 409.0
1766454952236.6086 409.0
1766454952253.4043 409.0
1766454952270.6313 409.0
1766454952288.074 409.0
1766454952304.8757 409.0
1766454952322.0964 409.0
1766454952338.9307 409.0
1766454952356.0723 409.0
1766454952373.4375 409.0
1766454952389.9053 409.0
1766454952407.503 409.0
1766454952425.2468 409.0
1766454952442.8694 409.0
1766454952459.668 409.0
1766454952477.6323 409.0
1766454952494.493 409.0
1766454952512.04 409.0
1766454952529.2334 409.0
1766454952546.0442 409.0
1766454952563.5015 409.0
1766454952580.1443 409.0
1766454952597.3538 409.0
1766454952624.0505 409.0
1766454952635.243 409.0
1766454952683.0552 409.0
1766454952691.864 409.0
1766454952715.7542 409.0
1766454952774.4373 409.0
1766454952781.9644 409.0
1766454952792.9797 409.0
1766454952816.6025 409.0
1766454952878.2993 409.0
1766454952933.8433 409.0
1766454952942.5793 409.0
1766454952999.8809 409.0
1766454953022.262 409.0
1766454953084.2607 409.0
1766454953096.3555 409.0
1766454953108.2139 409.0
1766454953124.6423 409.0
1766454953210.9016 409.0
1766454953231.8643 409.0
1766454953252.0063 409.0
1766454953259.8167 409.0
1766454953278.87 409.0
1766454953313.5044 409.0
1766454953319.918 409.0
1766454953350.648 409.0
1766454953414.72 409.0
1766454953492.6157 409.0
1766454953574.222 409.0
1766454953631.7773 409.0
1766454953642.588 409.0
1766454953659.0945 409.0
1766454953685.6704 409.0
1766454953728.1482 409.0
1766454953737.5518 409.0
1766454953851.2139 409.0
1766454953900.328 409.0
1766454953921.2363 409.0
1766454954035.7175 409.0
1766454954247.6958 409.0
1766454954329.8457 409.0
1766454954331.3098 409.0
1766454954690.0205 409.0
1766454954713.7356 409.0
1766454954788.3452 409.0
1766454954792.0498 409.0
1766454954847.8865 409.0
1766454954890.6655 409.0
1766454954914.2097 409.0
