at time 1766454774148.4832, client recieve: 361.0
1766454930960.9785 1276.0
1766454930978.7534 1276.0
1766454930994.666 1276.0
1766454931011.762 1276.0
1766454931030.7817 1276.0
1766454931045.4385 1276.0
1766454931062.9534 1276.0
1766454931078.5732 1276.0
1766454931096.8696 1276.0
1766454931112.5095 1276.0
1766454931128.4622 1276.0
1766454931147.0952 1276.0
1766454931161.7437 1276.0
1766454931179.5474 1276.0
1766454931197.435 1276.0
1766454931212.6584 1276.0
1766454931229.7544 1276.0
1766454931246.5347 1276.0
1766454931263.3638 1276.0
1766454931280.3186 1276.0
1766454931297.7573 1276.0
1766454931313.99 1276.0
1766454931330.134 1276.0
1766454931345.2297 1276.0
1766454931363.19 1276.0
1766454931379.1926 1276.0
1766454931396.1292 1276.0
1766454931412.351 1276.0
1766454931430.1946 1276.0
1766454931446.4485 1276.0
1766454931463.8357 1276.0
1766454931480.1157 1276.0
1766454931495.8276 1276.0
1766454931511.2524 1276.0
1766454931530.4727 1276.0
1766454931545.6243 1276.0
1766454931562.9688 1276.0
1766454931578.9443 1276.0
1766454931596.5603 1276.0
1766454931611.1807 1276.0
1766454931629.0554 1276.0
1766454931644.8223 1276.0
1766454931661.3176 1276.0
1766454931680.0378 1276.0
1766454931694.6484 1276.0
1766454931711.8354 1276.0
1766454931728.0137 1276.0
1766454931743.2373 1276.0
1766454931761.0317 1276.0
1766454931777.343 1276.0
1766454931794.6628 1276.0
1766454931810.9658 1276.0
1766454931827.62 1276.0
1766454931843.6956 1276.0
1766454931861.7842 1276.0
1766454931876.9048 1276.0
1766454931894.4854 1276.0
1766454931910.381 1276.0
1766454931927.7104 1276.0
1766454931945.621 1276.0
1766454931960.175 1276.0
1766454931976.9663 1276.0
1766454931993.8892 1276.0
1766454932010.4949 1276.0
1766454932025.3042 1276.0
1766454932043.0776 1276.0
1766454932059.3218 1276.0
1766454932076.1902 1276.0
1766454932094.8562 1276.0
1766454932108.807 1276.0
1766454932124.0696 1276.0
1766454932141.2917 1276.0
1766454932159.0757 1276.0
1766454932174.5168 1276.0
1766454932190.9539 1276.0
1766454932208.2207 1276.0
1766454932223.722 1276.0
1766454932241.2844 1276.0
1766454932257.505 1276.0
1766454932274.4373 1276.0
1766454932291.283 1276.0
1766454932307.5432 1276.0
1766454932323.319 1276.0
1766454932340.1313 1276.0
1766454932355.7458 1276.0
1766454932374.8762 1276.0
1766454932391.9084 1276.0
1766454932406.954 1276.0
1766454932424.8032 1276.0
1766454932438.823 1276.0
1766454932454.3835 1276.0
1766454932471.9385 1276.0
1766454932487.247 1276.0
1766454932505.1958 1276.0
1766454932521.4736 1276.0
1766454932539.0505 1276.0
1766454932556.9329 1276.0
1766454932571.5269 1276.0
1766454932588.18 1276.0
1766454932605.809 1276.0
1766454932622.7478 1276.0
1766454932640.2917 1276.0
1766454932654.627 1276.0
1766454932671.725 1276.0
1766454932689.056 1276.0
1766454932705.1082 1276.0
1766454932721.861 1276.0
1766454932738.5315 1276.0
1766454932756.388 1276.0
1766454932771.9497 1276.0
1766454932788.6948 1276.0
1766454932807.0347 1276.0
1766454932822.0383 1276.0
1766454932838.1963 1276.0
1766454932856.2134 1276.0
1766454932871.9746 1276.0
1766454932888.6165 1276.0
1766454932904.3416 1276.0
1766454932920.3972 1276.0
1766454932937.999 1276.0
1766454932953.1787 1276.0
1766454932971.1248 1276.0
1766454932986.968 1276.0
1766454933003.959 1276.0
1766454933017.761 1276.0
1766454933035.903 1276.0
1766454933050.8474 1276.0
1766454933067.4297 1276.0
1766454933084.0112 1276.0
1766454933099.2117 1276.0
1766454933116.7554 1276.0
1766454933133.968 1276.0
1766454933149.6316 1276.0
1766454933168.416 1276.0
1766454933183.534 1276.0
1766454933199.6963 1276.0
1766454933217.7124 1276.0
1766454933231.651 1276.0
1766454933249.279 1276.0
1766454933267.6255 1276.0
1766454933283.34 1276.0
1766454933301.441 1276.0
1766454933317.0474 1276.0
1766454933332.2493 1276.0
1766454933349.955 1276.0
1766454933367.3281 1276.0
1766454933384.3518 1276.0
1766454933400.8518 1276.0
1766454933417.2512 1276.0
1766454933433.177 1276.0
1766454933448.899 1276.0
1766454933466.2246 1276.0
1766454933482.145 1276.0
1766454933498.8438 1276.0
1766454933516.2363 1276.0
1766454933533.4128 1276.0
1766454933550.2139 1276.0
1766454933567.118 1276.0
1766454933582.1555 1276.0
1766454933599.3796 1276.0
1766454933616.5068 1276.0
1766454933632.325 1276.0
1766454933651.0696 1276.0
1766454933666.586 1276.0
1766454933683.2617 1276.0
1766454933698.8857 1276.0
1766454933715.801 1276.0
1766454933732.53 1276.0
1766454933749.223 1276.0
1766454933765.27 1276.0
1766454933781.0244 1276.0
1766454933796.6472 1276.0
1766454933814.5015 1276.0
1766454933830.7888 1276.0
1766454933846.7332 1276.0
1766454933863.6758 1276.0
1766454933882.0398 1276.0
1766454933898.9746 1276.0
1766454933916.5222 1276.0
1766454933931.7249 1276.0
1766454933950.037 1276.0
1766454933966.5012 1276.0
1766454933982.5771 1276.0
1766454934000.6104 1276.0
1766454934018.0542 1276.0
1766454934033.284 1276.0
1766454934049.746 1276.0
1766454934067.1187 1276.0
1766454934082.7388 1276.0
1766454934099.0906 1276.0
1766454934116.1753 1276.0
1766454934133.7026 1276.0
1766454934151.3948 1276.0
1766454934166.595 1276.0
1766454934184.53 1276.0
1766454934202.267 1276.0
1766454934217.0984 1276.0
1766454934233.2363 1276.0
1766454934249.968 1276.0
1766454934266.6008 1276.0
1766454934281.8765 1276.0
1766454934298.0935 1276.0
1766454934315.149 1276.0
1766454934331.819 1276.0
1766454934348.2622 1276.0
1766454934363.7346 1276.0
1766454934380.8708 1276.0
1766454934396.816 1273.0
1766454934412.9817 1271.0
1766454934430.6636 1270.0
1766454934446.1191 1270.0
1766454934462.0105 1271.0
1766454934477.9656 1272.0
1766454934495.8865 1274.0
1766454934511.8818 1276.0
1766454934528.5627 1276.0
1766454934544.2131 1276.0
1766454934560.326 1276.0
1766454934576.274 1276.0
1766454934593.987 1276.0
1766454934609.4636 1276.0
1766454934625.3335 1276.0
1766454934643.055 1276.0
1766454934659.0361 1276.0
1766454934675.4592 1276.0
1766454934691.9856 1276.0
1766454934709.7793 1276.0
1766454934724.4524 1276.0
1766454934742.2222 1276.0
1766454934760.8892 1276.0
1766454934775.5554 1276.0
1766454934792.8716 1276.0
1766454934809.1177 1276.0
1766454934824.9326 1276.0
1766454934840.7551 1276.0
1766454934857.9377 1276.0
1766454934874.986 1276.0
1766454934889.9502 1276.0
1766454934908.3892 1276.0
1766454934924.662 1276.0
1766454934940.4153 1276.0
1766454934957.396 1276.0
1766454934976.1616 1276.0
1766454934991.7385 1276.0
1766454935010.6746 1276.0
1766454935027.5247 1276.0
1766454935043.957 1276.0
1766454935059.8313 1276.0
1766454935075.6985 1276.0
1766454935092.038 1276.0
1766454935109.335 1276.0
1766454935126.4226 1276.0
1766454935142.739 1276.0
1766454935160.7607 1276.0
1766454935178.0757 1276.0
1766454935194.3657 1276.0
1766454935211.126 1276.0
1766454935227.5935 1276.0
1766454935245.8625 1276.0
1766454935261.678 1276.0
1766454935278.1782 1276.0
1766454935293.473 1276.0
1766454935309.2373 1276.0
1766454935327.7422 1276.0
1766454935346.6099 1276.0
1766454935360.606 1276.0
1766454935378.865 1276.0
1766454935393.8298 1276.0
1766454935410.208 1276.0
1766454935428.214 1276.0
1766454935443.2012 1272.0
1766454935460.4854 1267.0
1766454935476.3367 1263.0
1766454935493.12 1259.0
1766454935510.873 1255.0
1766454935528.839 1250.0
1766454935542.7783 1246.0
1766454935561.2197 1242.0
1766454935576.983 1238.0
1766454935592.4302 1233.0
1766454935610.9792 1229.0
1766454935627.4856 1225.0
1766454935644.3098 1221.0
1766454935661.7556 1216.0
1766454935678.5513 1212.0
1766454935697.0996 1208.0
1766454935712.6025 1204.0
1766454935728.9885 1199.0
1766454935745.0715 1195.0
1766454935762.1177 1191.0
1766454935777.8318 1187.0
1766454935794.372 1182.0
1766454935811.7366 1178.0
1766454935828.7012 1174.0
1766454935846.8125 1170.0
1766454935861.8667 1165.0
1766454935877.989 1161.0
1766454935894.545 1157.0
1766454935910.499 1153.0
1766454935926.97 1148.0
1766454935943.3494 1144.0
1766454935960.1162 1140.0
1766454935977.1558 1136.0
1766454935992.8718 1131.0
1766454936008.142 1127.0
1766454936026.865 1123.0
1766454936041.7798 1123.0
1766454936061.5063 1114.0
1766454936076.7341 1114.0
1766454936094.6602 1106.0
1766454936112.4307 1102.0
1766454936127.0764 1102.0
1766454936141.653 1097.0
1766454936158.4453 1093.0
1766454936176.0352 1089.0
1766454936191.66 1085.0
1766454936207.235 1080.0
1766454936224.4875 1076.0
1766454936240.9243 1072.0
1766454936257.9746 1068.0
1766454936272.5742 1063.0
1766454936289.2144 1059.0
1766454936306.6753 1055.0
1766454936322.5032 1051.0
1766454936341.1323 1046.0
1766454936356.761 1042.0
1766454936372.709 1038.0
1766454936388.8342 1034.0
1766454936405.6995 1029.0
1766454936422.25 1025.0
1766454936440.085 1021.0
1766454936454.814 1017.0
1766454936471.5325 1012.0
1766454936491.3252 1008.0
1766454936503.6187 1004.0
1766454936520.86 1000.0
1766454936538.1492 995.0
1766454936555.0508 991.0
1766454936571.4932 987.0
1766454936589.025 983.0
1766454936604.0942 983.0
1766454936620.9355 974.0
1766454936636.5876 974.0
1766454936653.373 970.0
1766454936670.6123 966.0
1766454936687.0442 961.0
1766454936703.3274 957.0
1766454936720.4504 953.0
1766454936736.3762 949.0
1766454936752.147 944.0
1766454936768.4893 940.0
1766454936785.3765 936.0
1766454936803.383 932.0
1766454936818.58 927.0
1766454936837.0916 923.0
1766454936851.9792 919.0
1766454936868.8914 915.0
1766454936885.147 910.0
1766454936900.043 906.0
1766454936916.975 902.0
1766454936934.0916 898.0
1766454936951.2134 893.0
1766454936965.6514 889.0
1766454936982.8572 885.0
1766454937000.1052 881.0
1766454937015.8271 876.0
1766454937031.4568 872.0
1766454937049.5176 868.0
1766454937066.4954 864.0
1766454937082.45 859.0
1766454937099.26 855.0
1766454937115.6404 855.0
1766454937132.2605 851.0
1766454937148.1272 847.0
1766454937164.6948 842.0
1766454937182.373 838.0
1766454937199.4475 834.0
1766454937215.4204 830.0
1766454937232.7798 825.0
1766454937251.4446 821.0
1766454937268.4316 817.0
1766454937283.3608 813.0
1766454937300.6843 808.0
1766454937316.6453 804.0
1766454937332.7825 800.0
1766454937351.4888 796.0
1766454937368.123 791.0
1766454937384.0972 787.0
1766454937399.776 783.0
1766454937416.7275 779.0
1766454937434.8142 774.0
1766454937452.128 770.0
1766454937467.6462 766.0
1766454937482.8198 762.0
1766454937500.9404 757.0
1766454937517.7705 753.0
1766454937533.199 749.0
1766454937551.8018 745.0
1766454937565.0442 740.0
1766454937582.409 736.0
1766454937598.427 732.0
1766454937616.6646 728.0
1766454937632.7888 723.0
1766454937649.5073 719.0
1766454937666.7568 715.0
1766454937683.3206 711.0
1766454937701.517 706.0
1766454937717.6904 702.0
1766454937735.629 698.0
1766454937750.2004 694.0
1766454937767.9214 689.0
1766454937785.1077 685.0
1766454937800.4685 681.0
1766454937817.6587 677.0
1766454937834.3923 672.0
1766454937853.883 668.0
1766454937867.1458 668.0
1766454937883.3772 664.0
1766454937907.3625 660.0
1766454937917.763 655.0
1766454937934.3044 651.0
1766454937951.817 647.0
1766454937969.1252 643.0
1766454937985.5432 638.0
1766454938002.828 634.0
1766454938017.9065 630.0
1766454938032.4316 626.0
1766454938050.5432 621.0
1766454938065.9243 617.0
1766454938083.1865 614.0
1766454938099.0132 610.0
1766454938113.665 608.0
1766454938130.6738 606.0
1766454938148.918 604.0
1766454938164.6497 602.0
1766454938181.7056 601.0
1766454938198.0276 600.0
1766454938215.0251 599.0
1766454938232.0815 598.0
1766454938247.0232 599.0
1766454938263.4844 600.0
1766454938281.0203 602.0
1766454938297.4463 604.0
1766454938314.0305 606.0
1766454938331.584 609.0
1766454938348.2124 612.0
1766454938362.9434 612.0
1766454938379.7122 615.0
1766454938397.1755 617.0
1766454938413.3772 619.0
1766454938429.903 620.0
1766454938445.1797 620.0
1766454938462.539 619.0
1766454938477.8286 618.0
1766454938496.7146 616.0
1766454938511.457 614.0
1766454938531.3096 612.0
1766454938544.2869 610.0
1766454938561.036 610.0
1766454938578.2825 610.0
1766454938593.023 611.0
1766454938610.0144 612.0
1766454938625.4177 614.0
1766454938642.1687 616.0
1766454938658.4468 618.0
1766454938675.769 620.0
1766454938692.575 621.0
1766454938708.2188 621.0
1766454938725.4575 620.0
1766454938741.6602 619.0
1766454938759.0662 618.0
1766454938775.1313 618.0
1766454938791.9001 619.0
1766454938809.3418 621.0
1766454938826.1848 623.0
1766454938841.85 624.0
1766454938859.1794 626.0
1766454938876.2112 626.0
1766454938893.4812 626.0
1766454938912.5605 625.0
1766454938926.9011 625.0
1766454938945.9553 626.0
1766454938960.33 627.0
1766454938977.472 629.0
1766454938994.2634 630.0
1766454939010.9973 630.0
1766454939027.6196 631.0
1766454939045.5286 632.0
1766454939060.7168 631.0
1766454939077.5264 632.0
1766454939095.1733 633.0
1766454939111.1965 634.0
1766454939128.219 636.0
1766454939145.1125 639.0
1766454939159.424 641.0
1766454939177.7825 642.0
1766454939193.057 644.0
1766454939209.769 645.0
1766454939225.6895 646.0
1766454939242.1594 648.0
1766454939257.427 650.0
1766454939274.119 652.0
1766454939290.808 655.0
1766454939308.2341 658.0
1766454939323.8655 661.0
1766454939339.7104 664.0
1766454939356.4473 666.0
1766454939374.547 668.0
1766454939389.4312 670.0
1766454939408.416 670.0
1766454939425.2598 670.0
1766454939440.333 670.0
1766454939456.8267 670.0
1766454939472.2634 668.0
1766454939489.6584 667.0
1766454939506.1584 665.0
1766454939522.353 662.0
1766454939541.3274 659.0
1766454939557.0789 656.0
1766454939572.5989 653.0
1766454939588.122 649.0
1766454939606.091 646.0
1766454939621.382 642.0
1766454939639.1765 638.0
1766454939657.915 634.0
1766454939674.7896 630.0
1766454939689.149 626.0
1766454939705.156 622.0
1766454939722.0154 617.0
1766454939738.1697 613.0
1766454939757.2021 609.0
1766454939771.294 605.0
1766454939787.4038 600.0
1766454939804.3916 596.0
1766454939820.9092 593.0
1766454939836.53 591.0
1766454939853.0806 591.0
1766454939870.476 591.0
1766454939887.1228 591.0
1766454939903.8584 592.0
1766454939921.533 594.0
1766454939937.362 596.0
1766454939954.536 599.0
1766454939971.8613 602.0
1766454939986.6804 605.0
1766454940004.7554 608.0
1766454940021.4397 611.0
1766454940038.8623 615.0
1766454940054.944 619.0
1766454940071.5725 623.0
1766454940089.6511 627.0
1766454940106.075 631.0
1766454940121.4949 635.0
1766454940138.587 639.0
1766454940156.4338 643.0
1766454940173.892 647.0
1766454940191.509 650.0
1766454940208.8103 652.0
1766454940224.4346 653.0
1766454940241.3364 653.0
1766454940258.1418 653.0
1766454940275.5007 651.0
1766454940292.7153 650.0
1766454940308.9333 647.0
1766454940325.901 647.0
1766454940343.698 642.0
1766454940360.468 642.0
1766454940376.9175 639.0
1766454940392.3687 636.0
1766454940411.6094 632.0
1766454940425.2732 629.0
1766454940442.647 625.0
1766454940459.6746 621.0
1766454940475.275 617.0
1766454940492.3923 614.0
1766454940508.3552 613.0
1766454940525.6672 612.0
1766454940542.9514 612.0
1766454940558.556 613.0
1766454940574.4932 614.0
1766454940592.5752 616.0
1766454940608.0056 618.0
1766454940623.7068 621.0
1766454940640.968 624.0
1766454940658.8843 627.0
1766454940674.2812 630.0
1766454940691.2808 634.0
1766454940706.693 637.0
1766454940723.0674 641.0
1766454940740.3623 645.0
1766454940757.539 649.0
1766454940776.32 653.0
1766454940793.1292 656.0
1766454940809.1462 657.0
1766454940825.03 658.0
1766454940839.7173 658.0
1766454940857.9316 658.0
1766454940872.552 656.0
1766454940890.369 655.0
1766454940905.7603 655.0
1766454940921.9607 652.0
1766454940937.578 650.0
1766454940954.9282 647.0
1766454940970.0757 644.0
1766454940987.6658 641.0
1766454941003.6272 637.0
1766454941020.5068 634.0
1766454941036.301 630.0
1766454941054.2993 626.0
1766454941070.4285 622.0
1766454941087.0557 619.0
1766454941103.94 618.0
1766454941121.8848 617.0
1766454941136.5054 617.0
1766454941154.3958 618.0
1766454941169.5562 619.0
1766454941187.8699 621.0
1766454941204.4421 623.0
1766454941220.8523 626.0
1766454941237.007 628.0
1766454941254.017 632.0
1766454941270.9253 635.0
1766454941285.9014 638.0
1766454941302.3684 642.0
1766454941318.3438 646.0
1766454941335.4443 650.0
1766454941351.7727 652.0
1766454941368.2537 654.0
1766454941386.0596 655.0
1766454941400.9536 655.0
1766454941417.0115 654.0
1766454941432.8394 654.0
1766454941449.3975 652.0
1766454941464.9595 650.0
1766454941481.4504 648.0
1766454941498.7292 646.0
1766454941516.09 643.0
1766454941531.8079 640.0
1766454941548.4277 636.0
1766454941565.184 633.0
1766454941581.9797 629.0
1766454941597.4436 625.0
1766454941613.9497 621.0
1766454941630.3179 619.0
1766454941648.4307 617.0
1766454941663.807 617.0
1766454941681.756 617.0
1766454941698.8027 617.0
1766454941716.6777 619.0
1766454941732.8394 621.0
1766454941748.8179 623.0
1766454941766.1003 625.0
1766454941782.1062 628.0
1766454941797.9414 631.0
1766454941814.9656 635.0
1766454941832.3926 637.0
1766454941848.8237 638.0
1766454941864.2 638.0
1766454941878.7698 638.0
1766454941896.0476 637.0
1766454941912.553 635.0
1766454941928.8394 635.0
1766454941945.9973 633.0
1766454941962.3071 631.0
1766454941979.5398 628.0
1766454941997.1917 625.0
1766454942013.966 622.0
1766454942030.5166 619.0
1766454942047.2063 615.0
1766454942063.0427 611.0
1766454942080.5842 607.0
1766454942096.4324 604.0
1766454942114.073 601.0
1766454942130.1108 599.0
1766454942146.026 599.0
1766454942160.705 599.0
1766454942178.988 599.0
1766454942195.8164 601.0
1766454942212.3074 603.0
1766454942229.3677 605.0
1766454942244.75 607.0
1766454942262.8142 610.0
1766454942279.7676 613.0
1766454942296.0845 617.0
1766454942312.4348 620.0
1766454942329.053 624.0
1766454942346.0818 628.0
1766454942362.3542 632.0
1766454942379.6472 636.0
1766454942395.3584 640.0
1766454942413.0193 644.0
1766454942428.5093 648.0
1766454942444.059 652.0
1766454942461.9077 656.0
1766454942477.704 661.0
1766454942492.5188 665.0
1766454942511.5269 669.0
1766454942526.93 673.0
1766454942543.3945 678.0
1766454942561.9216 682.0
1766454942579.4944 686.0
1766454942595.0588 690.0
1766454942613.6138 693.0
1766454942629.1135 695.0
1766454942644.9902 695.0
1766454942661.313 696.0
1766454942678.7512 696.0
1766454942693.0044 696.0
1766454942711.4448 694.0
1766454942725.5144 693.0
1766454942742.3425 690.0
1766454942758.6492 688.0
1766454942776.115 685.0
1766454942793.029 682.0
1766454942810.4011 679.0
1766454942826.2856 675.0
1766454942842.502 672.0
1766454942857.394 668.0
1766454942876.6946 664.0
1766454942892.5234 660.0
1766454942909.0808 656.0
1766454942923.9114 652.0
1766454942940.9893 648.0
1766454942957.179 643.0
1766454942973.869 639.0
1766454942990.754 635.0
1766454943008.0632 631.0
1766454943021.8926 626.0
1766454943038.4578 626.0
1766454943055.0427 622.0
1766454943072.423 618.0
1766454943088.039 614.0
1766454943105.753 609.0
1766454943120.312 605.0
1766454943138.2207 601.0
1766454943153.9304 597.0
1766454943169.559 592.0
1766454943187.4385 589.0
1766454943203.8167 586.0
1766454943220.5537 583.0
1766454943238.0627 581.0
1766454943253.14 579.0
1766454943269.8652 577.0
1766454943285.8904 576.0
1766454943302.22 575.0
1766454943319.8455 574.0
1766454943335.827 573.0
1766454943354.3777 572.0
1766454943367.757 572.0
1766454943385.954 573.0
1766454943402.3196 575.0
1766454943417.525 576.0
1766454943434.683 579.0
1766454943450.9468 581.0
1766454943466.6057 584.0
1766454943484.879 587.0
1766454943500.304 587.0
1766454943517.0205 590.0
1766454943532.561 594.0
1766454943549.7754 597.0
1766454943567.0344 601.0
1766454943583.3179 605.0
1766454943600.2505 607.0
1766454943616.339 608.0
1766454943633.7458 608.0
1766454943651.044 607.0
1766454943666.21 606.0
1766454943683.092 605.0
1766454943701.4272 603.0
1766454943717.3362 600.0
1766454943734.8298 597.0
1766454943751.7236 594.0
1766454943768.638 591.0
1766454943783.999 588.0
1766454943800.4395 584.0
1766454943816.9373 580.0
1766454943834.4263 577.0
1766454943851.2024 573.0
1766454943868.3047 569.0
1766454943883.675 564.0
1766454943902.0042 560.0
1766454943919.3655 556.0
1766454943933.6663 552.0
1766454943951.5432 548.0
1766454943968.96 543.0
1766454943986.6594 540.0
1766454944002.4087 539.0
1766454944021.5945 538.0
1766454944037.4177 538.0
1766454944052.4236 538.0
1766454944069.9094 540.0
1766454944084.1929 541.0
1766454944101.1135 543.0
1766454944117.1003 546.0
1766454944132.139 549.0
1766454944148.1174 552.0
1766454944165.1567 554.0
1766454944180.8447 554.0
1766454944201.5164 558.0
1766454944215.491 558.0
1766454944231.519 561.0
1766454944249.043 561.0
1766454944266.2825 563.0
1766454944281.4702 564.0
1766454944297.8623 564.0
1766454944313.682 565.0
1766454944331.4802 566.0
1766454944348.8965 566.0
1766454944363.819 567.0
1766454944380.5547 567.0
1766454944397.3823 567.0
1766454944412.866 568.0
1766454944429.834 568.0
1766454944447.971 568.0
1766454944462.4805 568.0
1766454944479.7964 568.0
1766454944497.0142 568.0
1766454944512.5159 568.0
1766454944528.8362 567.0
1766454944546.443 565.0
1766454944562.093 563.0
1766454944578.5488 560.0
1766454944595.4714 558.0
1766454944612.415 555.0
1766454944629.8948 551.0
1766454944645.1665 548.0
1766454944662.6162 544.0
1766454944679.748 541.0
1766454944697.152 537.0
1766454944713.4272 533.0
1766454944731.643 529.0
1766454944747.4075 524.0
1766454944763.4775 520.0
1766454944781.279 516.0
1766454944798.936 512.0
1766454944814.1216 508.0
1766454944831.5251 503.0
1766454944848.1948 499.0
1766454944863.3325 499.0
1766454944880.9248 495.0
1766454944896.7654 491.0
1766454944913.2703 486.0
1766454944931.4014 482.0
1766454944945.2703 478.0
1766454944962.2932 474.0
1766454944980.0776 469.0
1766454944995.6775 465.0
1766454945011.476 461.0
1766454945031.0925 457.0
1766454945046.041 452.0
1766454945063.7073 448.0
1766454945079.4565 444.0
1766454945097.4514 440.0
1766454945112.9937 435.0
1766454945129.0417 431.0
1766454945144.7407 427.0
1766454945162.7065 423.0
1766454945179.2668 418.0
1766454945197.658 414.0
1766454945213.5251 410.0
1766454945230.3953 406.0
1766454945245.6396 401.0
1766454945265.3418 397.0
1766454945279.2915 393.0
1766454945296.63 389.0
1766454945311.9033 384.0
1766454945328.2124 380.0
1766454945344.724 376.0
1766454945360.3206 372.0
1766454945376.9648 372.0
1766454945395.6667 363.0
1766454945411.2317 363.0
1766454945431.817 355.0
1766454945445.4214 355.0
1766454945462.0027 350.0
1766454945479.8176 346.0
1766454945494.2446 342.0
1766454945511.8555 339.0
1766454945527.7764 337.0
1766454945545.4763 336.0
1766454945562.774 336.0
1766454945579.2415 337.0
1766454945596.5522 338.0
1766454945612.2751 340.0
1766454945630.1843 342.0
1766454945646.9385 344.0
1766454945662.0388 347.0
1766454945680.249 350.0
1766454945696.457 354.0
1766454945714.913 356.0
1766454945731.7896 359.0
1766454945747.543 361.0
1766454945764.5332 362.0
1766454945782.1042 364.0
1766454945798.5078 365.0
1766454945813.4614 367.0
1766454945829.9304 369.0
1766454945846.2058 372.0
1766454945862.008 374.0
1766454945877.766 377.0
1766454945896.1453 380.0
1766454945911.0232 382.0
1766454945928.6245 384.0
1766454945945.2874 385.0
1766454945962.509 385.0
1766454945979.2979 385.0
1766454945997.7493 383.0
1766454946014.425 382.0
1766454946031.0488 380.0
1766454946047.4297 377.0
1766454946062.9067 374.0
1766454946084.594 374.0
1766454946095.2402 371.0
1766454946111.7605 368.0
1766454946128.5796 365.0
1766454946147.6655 359.0
1766454946164.5198 357.0
1766454946182.8835 357.0
1766454946198.816 355.0
1766454946215.218 354.0
1766454946233.6023 354.0
1766454946251.0852 355.0
1766454946267.8428 356.0
1766454946284.3418 358.0
1766454946300.1677 359.0
1766454946315.8638 361.0
1766454946332.1802 361.0
1766454946348.3525 361.0
1766454946365.0186 360.0
1766454946382.5837 358.0
1766454946398.0366 356.0
1766454946413.6694 355.0
1766454946432.4702 355.0
1766454946447.162 356.0
1766454946463.8506 357.0
1766454946481.8596 358.0
1766454946495.4426 359.0
1766454946512.302 359.0
1766454946530.0342 358.0
1766454946547.1033 357.0
1766454946561.943 358.0
1766454946579.2769 358.0
1766454946595.4402 360.0
1766454946612.3042 362.0
1766454946629.1028 364.0
1766454946645.3206 366.0
1766454946662.5325 368.0
1766454946679.3613 368.0
1766454946695.7725 369.0
1766454946713.767 371.0
1766454946730.3767 371.0
1766454946746.9421 373.0
1766454946762.4915 375.0
1766454946782.2458 379.0
1766454946796.545 379.0
1766454946813.6355 380.0
1766454946831.7869 380.0
1766454946847.9353 380.0
1766454946862.636 380.0
1766454946880.3245 381.0
1766454946896.3982 382.0
1766454946911.393 384.0
1766454946929.0188 386.0
1766454946945.411 388.0
1766454946961.2173 390.0
1766454946978.151 392.0
1766454946993.9067 393.0
1766454947010.5188 394.0
1766454947027.199 395.0
1766454947042.7227 397.0
1766454947059.3975 400.0
1766454947074.8823 402.0
1766454947090.984 405.0
1766454947106.5361 407.0
1766454947125.2334 408.0
1766454947140.475 408.0
1766454947157.5698 409.0
1766454947174.9004 408.0
1766454947190.169 408.0
1766454947207.058 407.0
1766454947223.5176 405.0
1766454947239.104 403.0
1766454947255.6667 400.0
1766454947274.3335 398.0
1766454947288.9165 396.0
1766454947307.6565 395.0
1766454947324.0005 393.0
1766454947339.942 392.0
1766454947356.0312 391.0
1766454947371.9753 391.0
1766454947387.734 389.0
1766454947403.5505 387.0
1766454947420.9348 385.0
1766454947437.4028 382.0
1766454947454.1482 380.0
1766454947468.0781 378.0
1766454947484.969 377.0
1766454947502.4973 375.0
1766454947519.6003 374.0
1766454947537.797 373.0
1766454947554.7612 371.0
1766454947573.3584 368.0
1766454947589.3713 365.0
1766454947605.9978 362.0
1766454947622.307 359.0
1766454947639.5098 356.0
1766454947656.5596 354.0
1766454947672.5193 352.0
1766454947689.4812 350.0
1766454947705.1484 349.0
1766454947721.2173 349.0
1766454947738.1294 347.0
1766454947754.793 343.0
1766454947772.415 343.0
1766454947790.8113 340.0
1766454947806.6365 340.0
1766454947822.4675 340.0
1766454947840.1304 341.0
1766454947856.7822 342.0
1766454947873.2314 344.0
1766454947890.9683 346.0
1766454947906.6296 348.0
1766454947922.5774 350.0
1766454947940.0107 351.0
1766454947955.5154 353.0
1766454947972.071 355.0
1766454947991.81 358.0
1766454948007.4978 361.0
1766454948023.7449 364.0
1766454948041.451 366.0
1766454948057.5618 369.0
1766454948075.5635 370.0
1766454948091.4995 373.0
1766454948108.784 375.0
1766454948127.3438 378.0
1766454948142.5815 382.0
1766454948160.6365 385.0
1766454948177.3765 388.0
1766454948195.652 390.0
1766454948213.9648 392.0
1766454948228.8872 394.0
1766454948245.7756 396.0
1766454948261.839 399.0
1766454948276.7996 402.0
1766454948293.4722 405.0
1766454948311.3403 407.0
1766454948328.2078 410.0
1766454948344.4824 411.0
1766454948360.7437 413.0
1766454948377.9075 415.0
1766454948394.0618 417.0
1766454948411.8403 420.0
1766454948427.1772 423.0
1766454948444.8044 425.0
1766454948460.924 426.0
1766454948476.531 426.0
1766454948492.3982 425.0
1766454948509.9988 424.0
1766454948525.8328 422.0
1766454948542.0115 420.0
1766454948559.4546 419.0
1766454948575.2046 417.0
1766454948591.7573 416.0
1766454948607.9492 416.0
1766454948625.8926 414.0
1766454948639.7356 414.0
1766454948658.2156 412.0
1766454948674.3245 410.0
1766454948689.2312 408.0
1766454948705.6648 406.0
1766454948722.7595 404.0
1766454948739.6672 403.0
1766454948756.0818 402.0
1766454948772.4468 401.0
1766454948789.4382 400.0
1766454948806.4666 399.0
1766454948823.2297 399.0
1766454948838.193 398.0
1766454948856.566 398.0
1766454948872.1987 397.0
1766454948891.337 397.0
1766454948906.782 396.0
1766454948922.5454 394.0
1766454948939.728 392.0
1766454948954.904 390.0
1766454948971.2947 387.0
1766454948988.4683 385.0
1766454949003.5117 383.0
1766454949020.041 382.0
1766454949037.3765 380.0
1766454949054.7998 379.0
1766454949070.2815 378.0
1766454949087.2383 377.0
1766454949102.9512 376.0
1766454949118.405 376.0
1766454949138.5334 375.0
1766454949152.7922 375.0
1766454949170.3994 374.0
1766454949186.5078 374.0
1766454949203.233 375.0
1766454949218.7449 376.0
1766454949236.4998 377.0
1766454949251.6667 379.0
1766454949267.612 382.0
1766454949286.345 384.0
1766454949302.5613 387.0
1766454949319.07 390.0
1766454949336.035 392.0
1766454949352.625 394.0
1766454949369.9414 395.0
1766454949386.673 395.0
1766454949400.9216 394.0
1766454949417.128 393.0
1766454949433.347 391.0
1766454949451.7705 389.0
1766454949468.8005 388.0
1766454949485.3337 388.0
1766454949501.4473 388.0
1766454949518.346 389.0
1766454949534.1948 391.0
1766454949549.083 393.0
1766454949565.6057 395.0
1766454949581.683 398.0
1766454949599.1936 401.0
1766454949616.195 403.0
1766454949632.3628 403.0
1766454949649.5818 404.0
1766454949667.9016 403.0
1766454949683.8223 402.0
1766454949699.1138 402.0
1766454949715.2063 400.0
1766454949732.2505 399.0
1766454949748.4368 399.0
1766454949764.1404 400.0
1766454949779.114 401.0
1766454949796.3667 403.0
1766454949812.0251 405.0
1766454949827.8896 407.0
1766454949844.1372 408.0
1766454949861.3015 408.0
1766454949878.895 407.0
1766454949896.223 406.0
1766454949914.3762 404.0
1766454949930.1094 403.0
1766454949945.5703 402.0
1766454949962.51 403.0
1766454949980.873 403.0
1766454949996.3435 405.0
1766454950012.8252 407.0
1766454950028.1626 409.0
1766454950045.3735 412.0
1766454950064.1233 414.0
1766454950078.5852 415.0
1766454950096.1536 415.0
1766454950112.678 415.0
1766454950130.1462 414.0
1766454950147.0212 413.0
1766454950163.4348 411.0
1766454950179.8403 411.0
1766454950196.6292 409.0
1766454950214.9744 410.0
1766454950230.9214 411.0
1766454950248.0916 412.0
1766454950263.5374 413.0
1766454950280.8647 413.0
1766454950298.9614 412.0
1766454950316.6274 411.0
1766454950331.9482 410.0
1766454950347.7458 410.0
1766454950365.0557 412.0
1766454950381.7632 412.0
1766454950399.3767 415.0
1766454950416.067 415.0
1766454950432.575 417.0
1766454950449.3157 418.0
1766454950465.3843 418.0
1766454950482.669 417.0
1766454950500.1296 416.0
1766454950515.2449 416.0
1766454950532.3608 417.0
1766454950550.4465 419.0
1766454950568.293 420.0
1766454950583.271 421.0
1766454950599.8547 421.0
1766454950614.4263 420.0
1766454950632.0447 419.0
1766454950648.9077 418.0
1766454950664.4753 418.0
1766454950681.191 419.0
1766454950697.4846 420.0
1766454950715.622 421.0
1766454950732.0303 421.0
1766454950748.0361 420.0
1766454950763.3538 419.0
1766454950781.4756 418.0
1766454950798.7747 416.0
1766454950815.3997 415.0
1766454950832.0154 414.0
1766454950847.7627 413.0
1766454950865.974 412.0
1766454950881.6748 412.0
1766454950898.4495 411.0
1766454950916.7278 411.0
1766454950934.0842 410.0
1766454950950.1804 410.0
1766454950967.7273 410.0
1766454950982.2195 410.0
1766454951000.3274 409.0
1766454951016.1536 409.0
1766454951032.8494 409.0
1766454951049.39 409.0
1766454951064.6187 409.0
1766454951081.9985 409.0
1766454951097.9868 409.0
1766454951113.5771 409.0
1766454951131.6877 409.0
1766454951148.426 409.0
1766454951167.299 409.0
1766454951182.5227 409.0
1766454951199.354 409.0
1766454951214.8655 409.0
1766454951231.3555 409.0
1766454951247.0747 409.0
1766454951265.428 409.0
1766454951281.2502 409.0
1766454951298.004 409.0
1766454951313.9763 409.0
1766454951332.1924 409.0
1766454951348.3542 409.0
1766454951363.892 409.0
1766454951380.4258 409.0
1766454951398.0466 409.0
1766454951414.6074 409.0
1766454951431.371 409.0
1766454951447.8162 409.0
1766454951463.773 409.0
1766454951482.4685 409.0
1766454951499.1086 409.0
1766454951514.019 409.0
1766454951536.4148 409.0
1766454951547.3374 409.0
1766454951563.3987 409.0
1766454951579.198 409.0
1766454951595.894 409.0
1766454951612.0984 409.0
1766454951630.0684 409.0
1766454951646.1055 409.0
1766454951662.6946 409.0
1766454951677.6616 409.0
1766454951694.3552 409.0
1766454951712.6755 409.0
1766454951727.8057 409.0
1766454951743.9626 409.0
1766454951760.943 409.0
1766454951778.0723 409.0
1766454951794.158 409.0
1766454951811.9795 409.0
1766454951828.5168 409.0
1766454951845.6025 409.0
1766454951862.3965 409.0
1766454951878.956 409.0
1766454951896.0093 409.0
1766454951910.9067 409.0
1766454951927.4023 409.0
1766454951944.7231 409.0
1766454951960.5713 409.0
1766454951977.312 409.0
1766454951994.4197 409.0
1766454952009.7988 409.0
1766454952026.5962 409.0
1766454952043.4893 409.0
1766454952060.9849 409.0
1766454952078.5894 409.0
1766454952093.9482 409.0
1766454952110.6653 409.0
1766454952127.3098 409.0
1766454952143.3762 409.0
1766454952160.2407 409.0
1766454952177.1892 409.0
1766454952193.9734 409.0
1766454952211.998 409.0
1766454952227.9666 409.0
1766454952245.6921 409.0
1766454952259.9014 409.0
1766454952277.2131 409.0
1766454952292.8567 409.0
1766454952311.9526 409.0
1766454952535.0925 409.0
